./cam/10.jpg 722 83 214 643 1.033259 8
| 718 131 131 131 0.252228
| 740 435 131 131 0.082195
| 697 218 109 174 0.079330
| 871 218 109 174 0.115787
| 718 588 109 152 0.491853
| 827 479 109 152 0.126964
| 675 65 109 174 0.830313
| 784 65 109 174 0.960338
./cam/104.jpg 337 247 154 462 0.702297 8
| 368 288 96 96 0.063847
| 352 560 96 96 -0.068500
| 320 368 80 128 0.452189
| 400 368 80 128 0.227174
| 304 560 80 112 0.549131
| 416 560 80 112 0.572595
| 304 224 80 128 0.439708
| 352 224 80 128 0.386056
./cam/11.jpg 715 88 215 645 1.022724 8
| 718 131 131 131 0.247130
| 740 435 131 131 0.061888
| 697 218 109 174 0.128377
| 806 218 109 174 0.111871
| 697 588 109 152 0.545192
| 827 523 109 152 0.148470
| 675 65 109 174 0.723833
| 762 65 109 174 1.113400
./cam/12.jpg 711 96 195 584 1.010764 8
| 706 121 121 121 0.199008
| 726 403 121 121 -0.133168
| 685 282 101 161 0.085066
| 827 242 101 161 0.098248
| 685 484 101 141 0.239089
| 766 585 101 141 0.248027
| 665 81 101 161 0.611759
| 746 81 101 161 1.028134
./cam/13.jpg 696 91 187 561 1.375167 8
| 691 131 112 112 0.234749
| 709 411 112 112 0.017167
| 672 261 93 149 -0.045159
| 821 243 93 149 0.029027
| 691 504 93 131 0.338340
| 784 504 93 131 0.239940
| 672 75 93 149 0.721482
| 747 75 93 149 1.024753
./cam/14.jpg 693 92 185 556 1.830065 8
| 691 131 112 112 0.399502
| 691 411 112 112 -0.127399
| 672 224 93 149 0.090000
| 821 224 93 149 0.082946
| 672 485 93 131 0.338920
| 784 504 93 131 0.216566
| 653 75 93 149 0.869654
| 728 75 93 149 0.953030
./cam/140.jpg 532 248 155 465 0.845934 8
| 528 272 96 96 0.170816
| 544 512 96 96 -0.092342
| 528 368 80 128 0.341557
| 576 352 80 128 0.034754
| 496 576 80 112 0.485817
| 624 576 80 112 -0.082385
| 528 224 80 128 0.424358
| 624 240 80 128 0.505813
./cam/141.jpg 563 244 156 468 1.228402 8
| 592 288 96 96 -0.030211
| 560 496 96 96 -0.264054
| 544 352 80 128 0.361121
| 640 368 80 128 -0.016241
| 560 576 80 112 0.257288
| 624 576 80 112 0.083805
| 544 224 80 128 0.489944
| 624 224 80 128 0.827381
./cam/15.jpg 659 99 198 594 1.127575 8
| 665 141 121 121 0.360031
| 685 504 121 121 -0.061688
| 585 282 101 161 0.019045
| 746 262 101 161 -0.051941
| 665 524 101 141 0.045878
| 746 524 101 141 -0.037980
| 645 81 101 161 0.714395
| 706 81 101 161 0.968796
./cam/16.jpg 630 83 217 652 1.298404 8
| 697 131 131 131 0.423089
| 653 457 131 131 0.053021
| 566 218 109 174 -0.051088
| 740 261 109 174 0.106473
| 610 588 109 152 0.167281
| 740 523 109 152 -0.034791
| 610 65 109 174 0.866266
| 697 65 109 174 1.084493
./cam/17.jpg 642 85 201 603 1.191227 8
| 697 131 131 131 0.345192
| 675 501 131 131 0.075132
| 610 261 109 174 0.067178
| 718 239 109 174 0.106784
| 610 479 109 152 0.137548
| 718 523 109 152 0.060032
| 588 65 109 174 0.735927
| 697 65 109 174 0.891622
./cam/18.jpg 623 99 206 618 1.013776 8
| 625 141 121 121 0.314353
| 665 443 121 121 0.101837
| 585 262 101 161 0.048543
| 726 242 101 161 0.095399
| 605 564 101 141 0.072397
| 726 564 101 141 -0.104558
| 585 60 101 161 0.599797
| 665 81 101 161 0.863301
./cam/21.jpg 548 77 211 633 0.710010 8
| 566 109 131 131 0.402184
| 566 457 131 131 -0.095545
| 523 218 109 174 0.036403
| 653 239 109 174 -0.005030
| 479 523 109 152 0.275544
| 631 544 109 152 0.333885
| 523 44 109 174 0.580796
| 631 65 109 174 0.899206
./cam/22.jpg 546 68 213 639 1.696705 8
| 566 109 131 131 0.304865
| 566 457 131 131 -0.000312
| 523 239 109 174 0.155479
| 653 239 109 174 0.063751
| 501 523 109 152 0.443720
| 631 523 109 152 0.401910
| 523 44 109 174 0.684401
| 610 44 109 174 0.904313
./cam/23.jpg 544 68 211 632 1.353661 8
| 588 109 131 131 0.346595
| 544 457 131 131 0.080150
| 523 239 109 174 0.081608
| 631 239 109 174 -0.014983
| 566 523 109 152 0.207087
| 631 523 109 152 0.802428
| 501 44 109 174 0.507306
| 588 44 109 174 0.849105
./cam/24.jpg 504 61 210 630 1.489970 8
| 566 109 131 131 0.394082
| 501 457 131 131 0.304903
| 435 283 109 174 0.095166
| 610 239 109 174 -0.075173
| 457 457 109 152 0.089112
| 610 523 109 152 0.798364
| 479 44 109 174 0.439431
| 566 44 109 174 0.869992
./cam/25.jpg 502 63 210 630 1.394500 8
| 544 109 131 131 0.431790
| 501 457 131 131 0.067712
| 457 239 109 174 -0.002078
| 588 261 109 174 -0.026288
| 544 501 109 152 -0.039450
| 610 523 109 152 0.796535
| 457 44 109 174 0.498573
| 544 44 109 174 0.804617
./cam/26.jpg 499 63 215 645 1.165003 8
| 523 109 131 131 0.476250
| 479 370 131 131 -0.171141
| 457 239 109 174 0.051578
| 653 261 109 174 0.055119
| 501 523 109 152 0.301975
| 588 523 109 152 0.577336
| 435 44 109 174 0.456542
| 523 44 109 174 0.647542
./cam/27.jpg 458 55 218 655 1.113214 8
| 479 109 131 131 0.407981
| 457 370 131 131 -0.022045
| 435 261 109 174 0.185209
| 566 174 109 174 -0.035150
| 479 523 109 152 0.226824
| 588 523 109 152 0.174099
| 414 44 109 174 0.486851
| 501 22 109 174 0.739329
./cam/28.jpg 423 65 216 647 0.935143 8
| 457 109 131 131 0.468671
| 457 392 131 131 -0.021374
| 414 261 109 174 -0.008701
| 544 239 109 174 0.050361
| 414 544 109 152 0.207082
| 479 544 109 152 0.181071
| 392 22 109 174 0.582185
| 479 44 109 174 0.756186
./cam/29.jpg 413 68 216 647 0.757123 8
| 435 109 131 131 0.524891
| 435 479 131 131 -0.075821
| 392 239 109 174 -0.019521
| 523 174 109 174 0.041839
| 392 544 109 152 0.211269
| 523 523 109 152 0.127028
| 370 44 109 174 0.507235
| 457 44 109 174 0.651255
./cam/33.jpg 274 50 230 689 0.792167 8
| 327 109 131 131 0.499742
| 283 392 131 131 -0.069414
| 196 239 109 174 0.094161
| 392 239 109 174 0.072872
| 283 566 109 152 0.179169
| 414 566 109 152 0.204847
| 239 22 109 174 0.558932
| 348 22 109 174 0.835752
./cam/34.jpg 326 82 168 504 1.131475 8
| 346 104 104 104 0.333146
| 346 397 104 104 0.150653
| 328 207 86 138 -0.078201
| 380 225 86 138 0.008583
| 346 467 86 121 0.117712
| 380 432 86 121 0.282977
| 311 69 86 138 0.598808
| 363 52 86 138 0.585121
./cam/35.jpg 295 87 168 503 1.271329 8
| 311 104 104 104 0.432507
| 328 380 104 104 0.075582
| 294 190 86 138 -0.106894
| 363 190 86 138 0.010108
| 276 467 86 121 0.155132
| 363 432 86 121 0.289610
| 276 69 86 138 0.574732
| 328 69 86 138 0.591278
./cam/36.jpg 234 35 225 674 0.687923 8
| 261 87 131 131 0.316621
| 283 370 131 131 -0.026482
| 218 174 109 174 -0.058430
| 327 152 109 174 0.051034
| 196 566 109 152 0.240260
| 370 501 109 152 -0.014040
| 174 0 109 174 0.544831
| 283 0 109 174 0.756289
./cam/37.jpg 204 30 213 638 1.020710 8
| 218 87 131 131 0.315862
| 218 392 131 131 -0.074080
| 196 174 109 174 -0.049674
| 305 152 109 174 0.098151
| 174 457 109 152 0.180843
| 283 566 109 152 0.364779
| 152 0 109 174 0.596172
| 261 0 109 174 0.919720
./cam/38.jpg 186 21 200 601 0.941004 8
| 222 81 121 121 0.233443
| 222 343 121 121 0.015648
| 181 181 101 161 -0.053735
| 282 161 101 161 0.307922
| 181 464 101 141 0.321416
| 222 464 101 141 0.270546
| 141 -59 101 161 0.451309
| 242 0 101 161 0.777561
./cam/39.jpg 161 34 212 635 1.111341 8
| 174 87 131 131 0.341998
| 174 392 131 131 0.119280
| 152 239 109 174 0.033922
| 239 152 109 174 0.181600
| 152 457 109 152 0.173926
| 261 566 109 152 0.471951
| 87 22 109 174 0.410094
| 218 0 109 174 0.757786
./cam/40.jpg 136 70 204 613 1.232305 8
| 161 101 121 121 0.506516
| 161 403 121 121 0.183713
| 101 262 101 161 0.137145
| 242 181 101 161 0.034258
| 161 564 101 141 0.176261
| 202 504 101 141 0.126092
| 81 20 101 161 0.446749
| 202 60 101 161 0.836707
./cam/41.jpg 103 73 203 608 1.611419 8
| 141 101 121 121 0.501582
| 141 363 121 121 0.112004
| 60 262 101 161 0.036840
| 222 181 101 161 0.132725
| 101 564 101 141 0.235273
| 202 464 101 141 0.011312
| 60 60 101 161 0.397415
| 181 60 101 161 0.729655
./cam/42.jpg 70 73 212 635 1.643817 8
| 109 109 131 131 0.442051
| 109 392 131 131 0.137174
| 44 239 109 174 -0.010160
| 174 196 109 174 0.122169
| 65 544 109 152 0.377549
| 131 544 109 152 0.361096
| 22 65 109 174 0.395103
| 131 44 109 174 0.598300
./cam/43.jpg 65 79 213 639 2.062387 8
| 87 109 131 131 0.568152
| 87 435 131 131 0.203414
| 22 261 109 174 0.125578
| 152 196 109 174 0.194063
| 65 566 109 152 0.067377
| 109 566 109 152 0.447249
| 109 65 109 174 0.456549
| 109 65 109 174 0.497547
./cam/44.jpg 25 70 214 641 1.830288 8
| 65 109 131 131 0.523469
| 44 392 131 131 0.201139
| 22 261 109 174 -0.068050
| 109 196 109 174 0.158015
| 65 544 109 152 -0.143659
| 109 566 109 152 0.286275
| -43 44 109 174 0.441530
| 65 44 109 174 0.629097
./cam/45.jpg 23 74 197 591 1.754164 8
| 20 101 121 121 0.599576
| 60 403 121 121 0.237750
| 0 202 101 161 0.058400
| 81 181 101 161 0.156533
| -39 484 101 141 -0.166659
| 121 564 101 141 -0.101799
| 40 60 101 161 0.533599
| 60 60 101 161 0.556312
./cam/46.jpg 14 65 196 589 0.746016 8
| 0 101 121 121 0.543803
| 40 423 121 121 0.183842
| -19 222 101 161 0.233637
| 60 181 101 161 0.071020
| -19 484 101 141 -0.182420
| 121 464 101 141 0.044286
| -19 40 101 161 0.483934
| 121 40 101 161 0.372425
./cam/7.jpg 763 120 186 558 0.694430 8
| 803 149 112 112 0.196230
| 784 411 112 112 0.142699
| 747 299 93 149 0.125640
| 840 261 93 149 0.131821
| 728 523 93 131 0.142147
| 840 504 93 131 0.208579
| 747 93 93 149 0.681185
| 821 93 93 149 0.943765
./cam/8.jpg 745 107 203 610 1.139848 8
| 766 141 121 121 0.274964
| 766 464 121 121 0.077852
| 746 242 101 161 -0.010264
| 867 262 101 161 0.167514
| 726 605 101 141 0.347404
| 827 484 101 141 0.268871
| 726 81 101 161 0.901075
| 806 81 101 161 1.032520
./cam/88.jpg 1068 31 42 125 0.889972 8
| 1071 39 26 26 0.180084
| 1067 117 26 26 0.084879
| 1067 73 22 35 0.125509
| 1084 69 22 35 0.110902
| 1058 117 22 30 0.502623
| 1084 121 22 30 0.377330
| 1063 26 22 35 0.299683
| 1080 26 22 35 0.606413
./cam/88.jpg 1239 255 43 130 0.758229 8
| 1240 264 26 26 0.291714
| 1244 324 26 26 -0.025580
| 1231 294 22 35 -0.072213
| 1262 285 22 35 0.013893
| 1231 346 22 30 0.136357
| 1253 359 22 30 0.098994
| 1231 246 22 35 0.602063
| 1249 251 22 35 0.461940
./cam/9.jpg 743 105 204 611 1.145883 8
| 746 141 121 121 0.400552
| 766 484 121 121 0.014929
| 726 302 101 161 0.081637
| 867 262 101 161 0.160664
| 726 585 101 141 0.224135
| 847 484 101 141 0.242644
| 706 81 101 161 0.905826
| 786 81 101 161 1.038769
./cam/96.jpg 588 248 157 470 0.680093 8
| 608 288 96 96 0.333658
| 608 464 96 96 -0.337955
| 512 384 80 128 -0.084862
| 640 368 80 128 0.013077
| 576 576 80 112 0.291715
| 656 592 80 112 0.042540
| 576 256 80 128 0.515207
| 656 224 80 128 0.446951
./cam/97.jpg 561 247 156 469 0.920998 8
| 576 288 96 96 0.240122
| 560 496 96 96 -0.204267
| 528 384 80 128 0.247542
| 624 352 80 128 -0.125722
| 560 576 80 112 0.235832
| 624 592 80 112 0.159235
| 544 240 80 128 0.524805
| 624 224 80 128 0.557030
./cam/99.jpg 560 246 155 464 0.918578 8
| 592 272 96 96 0.236285
| 560 512 96 96 -0.217172
| 544 384 80 128 0.206472
| 592 384 80 128 -0.020768
| 560 576 80 112 0.179960
| 624 592 80 112 0.097917
| 560 240 80 128 0.539868
| 624 224 80 128 0.999210
